image_id,category_id
340065,82
229142,82
500982,82
288471,82
248732,82
579332,82
177658,82
119276,82
266912,82
369977,82
180239,82
12805,82
349376,82
382559,82
384592,82
206685,82
198108,82
516046,82
72575,82
453601,82
137794,82
296739,82
268777,82
26662,82
57503,82
436975,82
112590,82
22863,82
286382,82
223366,82
173843,82
187400,82
334938,82
301431,82
191439,82
558711,82
266976,82
468518,82
29706,82
564912,82
568549,82
278732,82
131113,82
314929,82
246307,82
387678,82
355175,82
227652,82
405752,82
384085,82
264395,82
510552,82
381008,82
197561,82
418726,82
564759,82
521379,82
437509,82
174889,82
515843,82
567437,82
448351,82
402531,82
361205,82
79035,82
564884,82
228514,82
181885,82
304391,82
295889,82
253656,82
302240,82
213113,82
259137,82
265589,82
267048,82
95526,82
557205,82
394209,82
1271,82
552520,82
280508,82
235038,82
150300,82
407617,82
247318,82
124142,82
392627,82
181829,82
424307,82
321879,82
246089,82
529140,82
513466,82
520696,82
363022,82
268403,82
82597,82
47833,82
111152,82
93587,82
209068,82
54160,82
397203,82
485099,82
531963,82
538922,82
225363,82
132081,82
523055,82
357831,82
42725,82
328270,82
320875,82
486018,82
310021,82
408252,82
578769,82
341941,82
312403,82
156776,82
76477,82
554770,82
433168,82
76100,82
376047,82
352252,82
223500,82
391213,82
453706,82
29377,82
573341,82
369777,82
572826,82
546952,82
414539,82
479936,82
514772,82
208618,82
384085,82
30357,82
191156,82
290153,82
273371,82
213314,82
24823,82
492078,82
42277,82
294029,82
262495,82
476188,82
514251,82
518321,82
328654,82
521361,82
162346,82
102315,82
475645,82
325758,82
398349,82
472861,82
135822,82
428340,82
542359,82
531552,82
162813,82
431178,82
13176,82
555156,82
467262,82
258000,82
452909,82
13283,82
422161,82
27104,82
503598,82
375759,82
29592,82
124349,82
320667,82
56240,82
201406,82
566021,82
106902,82
521314,82
363410,82
54492,82
54521,82
155937,82
117784,82
532577,82
265161,82
309139,82
334328,82
39588,82
255368,82
478306,82
219361,82
270250,82
147054,82
197959,82
572754,82
395987,82
324103,82
475659,82
278936,82
360637,82
261858,82
469779,82
341834,82
299923,82
176174,82
579909,82
412545,82
388188,82
118027,82
554169,82
254101,82
270098,82
40338,82
227769,82
287265,82
270388,82
1360,82
519157,82
401766,82
328810,82
1709,82
87217,82
481144,82
293242,82
524649,82
550133,82
299122,82
277990,82
523921,82
436649,82
574735,82
202842,82
130011,82
81508,82
97529,82
580051,82
553310,82
302712,82
542213,82
448761,82
488422,82
168963,82
192196,82
32068,82
232689,82
243173,82
172680,82
36091,82
296040,82
571779,82
165513,82
429228,82
86797,82
393508,82
331551,82
364833,82
126651,82
119755,82
80549,82
485161,82
259188,82
141376,82
30449,82
363190,82
233319,82
311476,82
157811,82
504336,82
49673,82
528851,82
39698,82
379962,82
179186,82
223369,82
424632,82
2429,82
451033,82
455135,82
495122,82
116100,82
507871,82
518610,82
123855,82
578915,82
529562,82
360871,82
97914,82
174312,82
521334,82
24234,82
197583,82
491269,82
461221,82
544709,82
16963,82
25765,82
443635,82
82122,82
170908,82
512351,82
302511,82
247301,82
544601,82
353511,82
203843,82
399615,82
57673,82
252925,82
359037,82
206685,82
549725,82
423128,82
245230,82
333848,82
289276,82
366733,82
384957,82
464558,82
562008,82
463309,82
248033,82
363169,82
242210,82
292719,82
523921,82
504861,82
20809,82
41710,82
137666,82
111319,82
145180,82
396120,82
533255,82
95095,82
521953,82
457871,82
370783,82
424068,82
566992,82
60769,82
520637,82
77931,82
557227,82
466680,82
545705,82
214801,82
363191,82
244965,82
188858,82
227843,82
480241,82
452334,82
206662,82
314983,82
373461,82
500612,82
511781,82
246356,82
350960,82
531944,82
401416,82
88192,82
28650,82
91743,82
330112,82
440444,82
229832,82
370928,82
96690,82
253992,82
110797,82
373727,82
327768,82
480683,82
68422,82
476191,82
499004,82
449904,82
218454,82
75726,82
340659,82
328427,82
476055,82
180085,82
469786,82
70239,82
540210,82
549459,82
261205,82
101157,82
467447,82
19845,82
562071,82
117774,82
373568,82
418620,82
56647,82
570280,82
382261,82
282707,82
103504,82
330607,82
493428,82
186280,82
324732,82
552028,82
272480,82
19448,82
116224,82
211002,82
137284,82
166940,82
316026,82
68235,82
256835,82
502760,82
538805,82
25907,82
543947,82
512140,82
3915,82
36968,82
437756,82
489497,82
313061,82
570316,82
537761,82
246087,82
349709,82
88136,82
577239,82
74127,82
436539,82
470414,82
152626,82
403028,82
341781,82
488725,82
566146,82
288610,82
112320,82
294652,82
425141,82
203730,82
153998,82
64507,82
534366,82
443254,82
556954,82
503567,82
471992,82
406004,82
382924,82
46013,82
32674,82
213135,82
174876,82
201062,82
424337,82
330916,82
279450,82
244646,82
354932,82
101877,82
194616,82
435632,82
483690,82
149645,82
558031,82
287027,82
489510,82
150185,82
303148,82
456799,82
206577,82
267504,82
467654,82
22650,82
345399,82
334631,82
30915,82
355667,82
22857,82
166713,82
566992,82
175881,82
78642,82
474031,82
202131,82
224629,82
542548,82
254879,82
419700,82
39171,82
375331,82
481648,82
468834,82
350009,82
529676,82
297639,82
341218,82
59648,82
116588,82
559992,82
22924,82
13144,82
152090,82
100975,82
73094,82
460576,82
502700,82
79873,82
420747,82
181316,82
447840,82
505152,82
365525,82
217252,82
126610,82
64704,82
306640,82
242203,82
159952,82
294751,82
572084,82
43190,82
123765,82
100223,82
433296,82
195911,82
388214,82
285405,82
286876,82
210642,82
218775,82
140865,82
432201,82
520480,82
539535,82
42320,82
450066,82
357644,82
554066,82
346754,82
524838,82
445573,82
87126,82
545160,82
317687,82
87653,82
299675,82
525668,82
325470,82
270873,82
566385,82
77260,82
396097,82
24507,82
277096,82
283059,82
206102,82
421406,82
487796,82
534060,82
326359,82
27452,82
501015,82
250833,82
44251,82
72637,82
103230,82
293341,82
354389,82
65587,82
48939,82
443465,82
97371,82
534914,82
484405,82
111543,82
150480,82
302019,82
110723,82
59244,82
242885,82
240043,82
339051,82
541856,82
347505,82
2618,82
61599,82
264092,82
142420,82
58928,82
150594,82
390581,82
241188,82
283382,82
152942,82
147753,82
476111,82
247269,82
321633,82
284170,82
261305,82
535145,82
241483,82
578005,82
249822,82
324381,82
235464,82
237968,82
504165,82
81408,82
259945,82
567106,82
240511,82
437282,82
187723,82
360637,82
562904,82
22530,82
287488,82
574829,82
290719,82
436707,82
190495,82
448985,82
61007,82
75521,82
46071,82
282889,82
158169,82
117991,82
423921,82
202260,82
189472,82
468731,82
313951,82
166450,82
433607,82
265331,82
257392,82
172040,82
324032,82
227193,82
532445,82
32903,82
444794,82
431014,82
57926,82
8356,82
289428,82
115145,82
90708,82
569492,82
455083,82
365312,82
204987,82
383652,82
502504,82
421542,82
177775,82
212181,82
210453,82
65153,82
115086,82
19637,82
432201,82
447907,82
199827,82
170976,82
77721,82
147778,82
207739,82
40068,82
298081,82
28261,82
534468,82
457737,82
230617,82
501820,82
32699,82
243280,82
9413,82
535445,82
116356,82
85647,82
448530,82
243962,82
535961,82
132972,82
4904,82
401721,82
263878,82
509563,82
522312,82
186671,82
546114,82
66516,82
240709,82
515878,82
231786,82
170045,82
266336,82
183811,82
362371,82
388123,82
382189,82
94127,82
324764,82
263734,82
515019,82
138207,82
254025,82
357837,82
442364,82
316132,82
477321,82
92198,82
303218,82
324732,82
543447,82
1355,82
198621,82
96421,82
283818,82
461414,82
443086,82
92198,82
437213,82
468518,82
303076,82
498614,82
574829,82
46104,82
112747,82
338509,82
276644,82
262954,82
534468,82
574839,82
525012,82
274213,82
166130,82
410992,82
94984,82
337985,82
511345,82
212649,82
138435,82
398772,82
361991,82
73721,82
257894,82
523390,82
50018,82
410992,82
163125,82
187464,82
2448,82
203577,82
311773,82
537222,82
242982,82
521025,82
423448,82
281745,82
87363,82
442308,82
318857,82
274559,82
279803,82
209288,82
253382,82
465374,82
59868,82
352117,82
425758,82
363639,82
74336,82
271058,82
439071,82
266273,82
510399,82
226713,82
138,82
140244,82
96057,82
507334,82
399650,82
329191,82
216091,82
242955,82
5172,82
298853,82
206161,82
92691,82
144533,82
568948,82
562335,82
273736,82
426911,82
326293,82
343621,82
99030,82
557434,82
228953,82
233614,82
90122,82
166998,82
254658,82
217700,82
67565,82
354761,82
330990,82
496431,82
176871,82
265070,82
532958,82
296581,82
572180,82
451287,82
441313,82
143416,82
22636,82
267160,82
412371,82
569188,82
239504,82
294346,82
451359,82
184718,82
5345,82
288948,82
163125,82
360300,82
141860,82
231905,82
226691,82
88146,82
307884,82
203034,82
65336,82
335581,82
161451,82
109921,82
505485,82
505642,82
250526,82
544556,82
525865,82
201145,82
573623,82
4978,82
249470,82
560311,82
547752,82
551986,82
513087,82
395409,82
197169,82
349263,82
113725,82
1392,82
314306,82
310134,82
199827,82
279803,82
183266,82
400625,82
295053,82
274556,82
394623,82
396337,82
160901,82
395259,82
391733,82
449310,82
114035,82
116326,82
129037,82
310766,82
329613,82
507812,82
347884,82
214563,82
96723,82
17580,82
138684,82
17553,82
202752,82
294937,82
43256,82
21801,82
294323,82
227178,82
485931,82
36567,82
312233,82
199827,82
365116,82
273633,82
431972,82
107157,82
111319,82
522312,82
77858,82
296894,82
314179,82
620,82
421791,82
443944,82
336578,82
178526,82
486543,82
407173,82
400809,82
191997,82
300415,82
190187,82
463619,82
398053,82
267552,82
383841,82
334098,82
166915,82
381661,82
554658,82
501966,82
316353,82
364032,82
302660,82
75842,82
62763,82
298698,82
407349,82
308703,82
575307,82
255770,82
229618,82
394595,82
303431,82
501056,82
384302,82
493197,82
523081,82
509806,82
514683,82
570951,82
191717,82
559652,82
294978,82
111319,82
443579,82
491664,82
326716,82
529676,82
85647,82
343621,82
147501,82
515377,82
55033,82
561894,82
416237,82
441013,82
43291,82
195317,82
564271,82
153907,82
311337,82
226559,82
219762,82
203349,82
203163,82
525865,82
40187,82
361391,82
458199,82
442356,82
235268,82
200971,82
105865,82
443646,82
535497,82
61203,82
352316,82
303308,82
3899,82
166828,82
387913,82
228274,82
63353,82
523484,82
433224,82
483083,82
298777,82
105310,82
24787,82
305451,82
173978,82
116131,82
415209,82
47544,82
206082,82
378720,82
167480,82
32513,82
44911,82
141860,82
558656,82
315609,82
200857,82
374672,82
524155,82
257773,82
111319,82
348989,82
226897,82
271930,82
381908,82
459935,82
540460,82
461430,82
331541,82
344288,82
331492,82
203349,82
467654,82
120018,82
317237,82
335459,82
546333,82
332913,82
258370,82
523433,82
214395,82
95258,82
410687,82
219409,82
491305,82
166828,82
55521,82
428071,82
411450,82
483058,82
576638,82
343169,82
118234,82
184763,82
268067,82
417171,82
313605,82
425112,82
477106,82
545200,82
247269,82
562394,82
312850,82
525865,82
200971,82
156628,82
112584,82
129166,82
562008,82
504396,82
96222,82
419271,82
114748,82
570066,82
221427,82
75213,82
467654,82
534024,82
511165,82
541838,82
569774,82
237954,82
98887,82
111103,82
156073,82
160106,82
128608,82
549517,82
477647,82
75114,82
88538,82
333978,82
98904,82
242261,82
177085,82
538422,82
484598,82
216176,82
24023,82
300040,82
151801,82
185158,82
552142,82
327181,82
151830,82
556838,82
533808,82
126182,82
470381,82
142413,82
363023,82
505657,82
435809,82
338954,82
104814,82
161486,82
393354,82
168730,82
557490,82
258026,82
497528,82
24023,82
506045,82
459209,82
512088,82
214316,82
406298,82
397148,82
112253,82
488232,82
470976,82
268213,82
183972,82
351783,82
375382,82
86435,82
463844,82
492183,82
326805,82
423448,82
241623,82
303703,82
361746,82
342342,82
218399,82
368746,82
546343,82
101894,82
375714,82
245857,82
47481,82
254703,82
434923,82
281700,82
538588,82
381256,82
19194,82
525865,82
411321,82
439439,82
510718,82
213288,82
199827,82
429990,82
181122,82
182902,82
275353,82
291614,82
311895,82
233703,82
525660,82
314983,82
256806,82
545900,82
107454,82
132494,82
571105,82
463739,82
452532,82
125821,82
274632,82
456737,82
507570,82
402167,82
419678,82
97686,82
27109,82
128647,82
132485,82
248132,82
523571,82
535820,82
362314,82
199422,82
556789,82
386854,82
25723,82
521867,82
45148,82
187752,82
433235,82
381256,82
416841,82
358633,82
80720,82
309087,82
44267,82
112882,82
87363,82
416878,82
395504,82
384675,82
330570,82
33297,82
85398,82
477040,82
516439,82
272716,82
376828,82
33297,82
140730,82
512967,82
376366,82
271604,82
461820,82
114917,82
39434,82
281996,82
363919,82
432956,82
263503,82
466710,82
189767,82
16383,82
475523,82
90782,82
425825,82
168858,82
20202,82
165265,82
187752,82
530019,82
369567,82
579446,82
72595,82
314983,82
351218,82
191016,82
122498,82
60945,82
443455,82
280454,82
322634,82
58102,82
380126,82
72626,82
210077,82
214704,82
381256,82
514881,82
287804,82
67647,82
423534,82
220096,82
136539,82
69468,82
92198,82
2281,82
175520,82
395926,82
21320,82
424560,82
144358,82
405613,82
173019,82
560131,82
337546,82
70502,82
211806,82
179019,82
575228,82
72792,82
516439,82
42427,82
508878,82
74082,82
381256,82
206077,82
251219,82
222594,82
203349,82
431228,82
144056,82
121046,82
173019,82
25697,82
381256,82
153064,82
155299,82
246586,82
121366,82
422127,82
93535,82
389006,82
405613,82
384085,82
49312,82
381256,82
320667,82
476220,82
381256,82
518601,82
473516,82
562242,82
97686,82
270179,82
199827,82
174868,82
268151,82
97686,82
205689,82
307603,82
384085,82
384085,82
59906,82
203349,82
203349,82
114617,34
114126,34
335857,34
207219,34
139930,34
200464,34
101065,34
35725,34
108718,34
11080,34
525039,34
502805,34
178620,34
312248,34
290423,34
108572,34
55298,34
426947,34
407987,34
177829,34
56075,34
185328,34
293130,34
496818,34
246044,34
65189,34
373585,34
274209,34
571149,34
137042,34
541870,34
307054,34
531465,34
560481,34
145462,34
161818,34
495445,34
137203,34
413868,34
100583,34
102432,34
2614,34
437981,34
554067,34
428550,34
418042,34
126408,34
208151,34
161383,34
40072,34
270384,34
47548,34
541944,34
409628,34
25643,34
509128,34
473658,34
103539,34
467469,34
508045,34
532710,34
373415,34
54205,34
67847,34
579757,34
184320,34
142229,34
488676,34
427714,34
208913,34
98047,34
270315,34
38232,34
511670,34
186157,34
392957,34
188949,34
566642,34
242631,34
215677,34
539510,34
53702,34
106001,34
142637,34
277284,34
382789,34
473042,34
416484,34
512916,34
288421,34
65087,34
305485,34
337427,34
12916,34
541859,34
219760,34
347438,34
150819,34
15257,34
254078,34
443075,34
121181,34
209875,34
358545,34
138496,34
475711,34
352751,34
391046,34
283377,34
27937,34
349193,34
10831,34
557461,34
124703,34
162227,34
340636,34
519905,34
195701,34
511562,34
76992,34
159423,34
548935,34
540092,34
173909,34
385146,34
79716,34
549506,34
328412,34
416169,34
231126,34
198516,34
381127,34
383890,34
366005,34
280670,34
426518,34
279324,34
13020,34
425342,34
181481,34
30608,34
140291,34
403720,34
457822,34
34810,34
72564,34
101065,34
266963,34
428412,34
387948,34
19594,34
181996,34
412835,34
97563,34
166328,34
434561,34
495987,34
522243,34
12501,34
32627,34
342211,34
121649,34
477259,34
314920,34
56456,34
373847,34
579757,34
217991,34
216663,34
551175,34
469274,34
48204,34
103252,34
154220,34
201059,34
236611,34
429131,34
98162,34
513077,34
77136,34
445242,34
226748,34
217495,34
3628,34
278240,34
342049,34
459355,34
261630,34
262454,34
18201,34
72002,34
288379,34
338342,34
513440,34
571193,34
132120,34
59442,34
203517,34
264307,34
200080,34
27950,34
315381,34
120882,34
302551,34
119169,34
313601,34
513900,34
380474,34
379211,34
53702,34
559086,34
295394,34
207992,34
125390,34
379586,34
64190,34
324699,34
304060,34
235351,34
47458,34
421005,34
395039,34
567997,34
161996,34
185153,34
386112,34
236611,34
199112,34
491989,34
344127,34
28318,34
328023,34
101017,34
558274,34
38899,34
67663,34
46056,34
363969,34
202807,34
374405,34
554561,34
78977,34
396684,34
226613,34
307999,34
152588,34
238087,34
478224,34
48287,34
210816,34
566377,34
431393,34
337704,34
179060,34
482314,34
382521,34
494138,34
16355,34
194531,34
34013,34
38256,34
352427,34
485202,34
215732,34
190906,34
170925,34
207935,34
3361,34
346274,34
5701,34
45086,34
45339,34
568156,34
388434,34
532414,34
542444,34
149442,34
564515,34
43226,34
170326,34
489328,34
567850,34
281922,34
350535,34
203107,34
269263,34
142749,34
96765,34
157505,34
346749,34
376029,34
215003,34
247106,34
117121,34
432912,34
54850,34
233609,34
365792,34
490870,34
114404,34
473843,34
569322,34
569958,34
394303,34
184536,34
363128,34
410366,34
492171,34
428391,34
22265,34
567503,34
288712,34
200202,34
490940,34
134829,34
86907,34
412001,34
276418,34
410052,34
471376,34
266153,34
457686,34
511121,34
70733,34
166776,34
546285,34
62896,34
91275,34
285013,34
70156,34
405090,34
125919,34
318529,34
416169,34
128117,34
147970,34
104099,34
105472,34
18201,34
148879,34
309169,34
179603,34
483948,34
344566,34
322,34
158914,34
487462,34
839,34
324605,34
21553,34
442672,34
299723,34
547703,34
7778,34
229935,34
306128,34
477409,34
336459,34
254615,34
209139,34
188079,34
313953,34
350204,34
94268,34
516458,34
126054,34
423096,34
153074,34
456216,34
460711,34
459111,34
381789,34
393575,34
127278,34
225719,34
193281,34
423332,34
297866,34
173046,34
67230,34
525236,34
453529,34
542658,34
482751,34
42967,34
429446,34
480595,34
230422,34
109190,34
541082,34
123166,34
168508,34
507397,34
299029,34
300624,34
180504,34
301403,34
184536,34
270247,34
531960,34
379713,34
191744,34
404828,34
196912,34
5471,34
233900,34
90393,34
123378,34
517468,34
552420,34
461281,34
355347,34
321851,34
518948,34
450590,34
521697,34
196065,34
262418,34
134597,34
378146,34
404302,34
243176,34
280847,34
6541,34
170476,34
504534,34
21048,34
111799,34
192043,34
484362,34
296833,34
34680,34
267798,34
452050,34
519510,34
331907,34
271741,34
235479,34
3514,34
310015,34
340276,34
142321,34
404283,34
547044,34
143499,34
65307,34
439678,34
496078,34
446726,34
129726,34
208657,34
447785,34
314480,34
202805,34
489573,34
128561,34
54976,34
557461,34
42756,34
77003,34
33764,34
418569,34
59146,34
168622,34
239243,34
440998,34
179964,34
73951,34
180559,34
464372,34
225455,34
98098,34
267611,34
16355,34
33444,34
27562,34
477920,34
90393,34
156170,34
28257,34
30299,34
368476,34
574549,34
408484,34
86907,34
442450,34
1183,34
295257,34
580381,34
308722,34
347051,34
334413,34
151581,34
40720,34
105714,34
435141,34
143499,34
543391,34
294550,34
538931,34
77663,34
203235,34
140667,34
272479,34
155323,34
406874,34
572745,34
401169,34
115305,34
148047,34
278055,34
54976,34
105545,34
416653,34
364154,34
48825,34
305986,34
163225,34
85018,34
310981,34
408139,34
61601,34
506783,34
278541,34
198721,34
220284,34
75747,34
120703,34
317514,34
41458,34
297844,34
79260,34
2907,34
247072,34
504699,34
118296,34
69498,34
335518,34
573873,34
462197,34
346898,34
90914,34
573529,34
234297,34
277950,34
553498,34
351830,34
44729,34
144394,34
524048,34
81401,34
267732,34
36273,34
74572,34
75740,34
348734,34
383746,34
29879,34
71038,34
452031,34
40910,34
483089,34
8095,34
120674,34
270384,34
449125,34
567652,34
422211,34
518265,34
111000,34
316181,34
294421,34
300326,34
273362,34
416169,34
122493,34
386796,34
134325,34
27704,34
52948,34
575574,34
129314,34
51045,34
8058,34
18201,34
277491,34
70985,34
33240,34
313306,34
27330,34
241196,34
5355,34
407809,34
329012,34
76676,34
188143,34
243051,34
315383,34
321006,34
148229,34
580033,34
48893,34
7069,34
378621,34
473985,34
551074,34
166069,34
211451,34
67761,34
496839,34
90983,34
490336,34
237425,34
193299,34
44464,34
153827,34
369961,34
413598,34
498427,34
66507,34
416653,34
212276,34
388577,34
490508,34
554125,34
12524,34
307,34
301895,34
353407,34
340197,34
550540,34
87680,34
445030,34
539891,34
481843,34
545072,34
94558,34
86620,34
50648,34
105110,34
332646,34
242361,34
441794,34
314953,34
222639,34
408484,34
216250,34
496855,34
245780,34
244839,34
133004,34
403571,34
410283,34
104485,34
469941,34
296093,34
465058,34
215457,34
537625,34
157806,34
105515,34
66909,34
61843,34
147012,34
575351,34
427007,34
406784,34
53022,34
201554,34
153601,34
263189,34
430230,34
432170,34
206221,34
219312,34
191400,34
369279,34
433262,34
411557,34
275502,34
481349,34
278541,34
486714,34
560573,34
38431,34
130886,34
119320,34
290010,34
345813,34
469199,34
276671,34
475380,34
133004,34
143559,34
13202,34
384998,34
27207,34
458212,34
301870,34
127522,34
441777,34
530216,34
350358,34
273204,34
129737,34
496127,34
196766,34
176617,34
97825,34
486906,34
245953,34
68094,34
553396,34
264642,34
444350,34
75132,34
445244,34
489744,34
127330,34
211683,34
461517,34
471098,34
540384,34
45128,34
200464,34
91378,34
133660,34
472024,34
310029,34
99964,34
281917,34
408484,34
78699,34
167680,34
139249,34
436719,34
395164,34
369449,34
580487,34
52603,34
496907,34
300510,34
513703,34
558132,34
154689,34
211071,34
109061,34
80426,34
378049,34
444799,34
509582,34
48319,34
140291,34
57487,34
89181,34
443834,34
492535,34
539934,34
70904,34
290224,34
318001,34
191648,34
487378,34
334059,34
430345,34
233672,34
218875,34
239053,34
333277,34
459328,34
481137,34
47667,34
266441,34
444350,34
502117,34
20575,34
149060,34
141718,34
434526,34
140252,34
6380,34
461915,34
265503,34
108908,34
274745,34
229352,34
187071,34
321794,34
558211,34
416477,34
122163,34
126816,34
444350,34
389384,34
494678,34
290350,34
460514,34
162828,34
481101,34
267008,34
360725,34
77556,34
561950,34
47189,34
161843,34
134937,34
186342,34
522569,34
50263,34
243725,34
3623,34
495292,34
545720,34
282440,34
183762,34
537520,34
322500,34
242083,34
393241,34
152729,34
475635,34
452693,34
269996,34
37716,34
246322,34
357241,34
458093,34
74838,34
143192,34
214937,34
399152,34
514456,34
50098,34
255554,34
243017,34
513758,34
499239,34
34489,34
33444,34
525501,34
562222,34
78781,34
225398,34
293674,34
514777,34
308078,34
540135,34
268901,34
134606,34
285883,34
133151,34
309168,34
379434,34
234350,34
174522,34
87851,34
312450,34
173447,34
75637,34
17839,34
18201,34
79260,34
552617,34
277956,34
389921,34
30238,34
508209,34
57591,34
223072,34
578650,34
457190,34
561957,34
68648,34
68159,34
449158,34
152963,34
303610,34
339674,34
293792,34
60056,34
496907,34
553600,34
54976,34
556332,34
277950,34
550875,34
496415,34
571361,34
2567,34
118457,34
186245,34
212532,34
126067,34
111583,34
53170,34
313674,34
320234,34
260982,34
220457,34
456863,34
319105,34
11497,34
91759,34
385241,34
399031,34
186620,34
313674,34
357413,34
244387,34
458212,34
489762,34
126067,34
287374,34
522827,34
289972,34
73903,34
34340,34
264781,34
108101,34
199829,34
305527,34
250868,34
406376,34
562845,34
193709,34
491831,34
390447,34
87633,34
534637,34
1183,34
285883,34
231645,34
308086,34
459001,34
116982,34
118171,34
318279,34
625,34
87282,34
263989,34
426877,34
86907,34
410400,34
215457,34
493983,34
258176,34
291498,34
63365,34
157806,34
25872,34
423537,34
253479,34
8909,34
114045,34
551595,34
12501,34
518730,34
238757,34
145793,34
67443,34
460097,34
465360,34
498740,34
558071,34
236528,34
397231,34
321494,34
307999,34
259000,34
264193,34
477759,34
562463,34
327042,34
86715,34
123532,34
285883,34
299931,34
409368,34
108606,34
173631,34
443562,34
529229,34
570069,34
15544,34
300326,34
395567,34
453644,34
98182,34
356344,34
286932,34
368460,34
335912,34
233817,34
449669,34
311822,34
489452,34
546285,34
298312,34
311596,34
64765,34
38548,34
212893,34
423647,34
56868,34
240405,34
275502,34
117987,34
386080,34
546037,34
259535,34
415109,34
408484,34
278541,34
210604,34
121867,34
297394,34
534979,34
358650,34
481014,34
1330,34
485163,34
48319,34
102256,34
554032,34
434493,34
264296,34
312662,34
133554,34
554587,34
402977,34
391748,34
81065,34
187574,34
478351,34
40606,34
381544,34
100012,34
553336,34
50206,34
503687,34
358534,34
237222,34
304493,34
574360,34
133004,34
154502,34
6380,34
360002,34
539265,34
395673,34
287303,34
370512,34
253981,34
26905,34
168852,34
400926,34
461281,34
224420,34
76583,34
88789,34
6026,34
434986,34
128278,34
340459,34
283618,34
450168,34
144394,34
164081,34
202807,34
383372,34
87851,34
426151,34
530543,34
508665,34
427779,34
471718,34
278101,34
436802,34
418354,34
173491,34
300169,34
207363,34
130314,34
50013,34
231609,34
151833,34
398674,34
37757,34
478262,34
375759,34
378056,34
117871,34
50274,34
346450,34
502756,34
61779,34
158737,34
57115,34
369304,34
157806,34
402562,34
76245,34
522818,34
513854,34
60415,34
248682,34
287904,34
139945,34
203818,34
540135,34
37757,34
354921,34
176617,34
86560,34
265167,34
394468,34
278715,34
390840,34
207152,34
147049,34
496253,34
78593,34
404233,34
106168,34
95117,34
334751,34
328304,34
477494,34
185290,34
333431,34
256334,34
407810,34
505028,34
127810,34
86907,34
300326,34
72947,34
343704,34
328228,34
400568,34
580797,34
206636,34
127388,34
60720,34
209266,34
258566,34
72002,34
225306,34
413927,34
137767,34
483363,34
462065,34
119979,34
76491,34
250380,34
160823,34
412631,34
308086,34
151655,34
92990,34
253538,34
221560,34
26780,34
82144,34
319190,34
137787,34
547635,34
428518,34
142321,34
479288,34
234454,34
182347,34
71313,34
226936,34
369557,34
263043,34
139526,34
123378,34
187442,34
181894,34
111799,34
248745,34
553498,34
109042,34
31053,34
258035,34
350484,34
177652,34
86907,34
264128,34
76681,34
416484,34
82704,34
231645,34
246656,34
431785,34
111799,34
432233,34
555639,34
278710,34
274270,34
261172,34
438833,34
303683,34
169054,34
439402,34
26105,34
307315,34
53900,34
159398,34
164663,34
54976,34
56845,34
435029,34
561424,34
19375,34
291873,34
124578,34
199829,34
157806,34
198327,34
407210,34
173373,34
368970,34
327371,34
320192,34
267863,34
484136,34
487788,34
313436,34
401308,34
448105,34
108463,34
544264,34
375759,34
234577,34
481749,34
561145,34
325147,34
385464,34
255641,34
405057,34
215457,34
475735,34
409368,34
16206,34
126067,34
338787,34
395673,34
407065,34
215457,34
182347,34
223299,34
131030,34
55298,34
19375,34
428046,34
102076,34
222036,34
295884,34
1569,34
189301,34
269580,34
37102,34
189765,34
363489,34
8821,34
23287,34
381334,34
286000,34
126936,34
146623,34
43206,34
51101,34
63214,34
55296,34
519218,34
358534,34
26101,34
202912,34
15544,34
351726,34
561424,34
92096,34
86530,34
265353,34
539247,34
565018,34
199829,34
193299,34
355344,34
21143,34
470915,34
250162,34
282590,34
549519,34
35128,34
3862,34
111583,34
443593,34
166049,34
48047,34
17171,34
45946,34
138131,34
264127,34
329503,34
318468,34
55298,34
339384,34
7782,34
549810,34
19375,34
215113,34
86530,34
491665,34
85018,34
342049,34
153039,34
375759,34
436802,34
517460,34
71313,34
199829,34
285893,34
189052,34
15544,34
364862,34
10929,34
51101,34
555311,34
220772,34
574957,34
187442,34
579920,34
524291,34
157806,34
177845,34
147429,34
428164,34
458212,34
92990,34
550540,34
375759,34
275502,34
275297,34
126067,34
182347,34
540206,34
342049,34
54976,34
97540,34
502288,34
440460,34
245271,34
300169,34
528761,34
91759,34
322698,34
540135,34
562463,34
211458,34
519218,34
354745,34
73584,34
271398,34
263327,34
133492,34
41616,34
450509,34
443033,34
126067,34
405842,34
164663,34
428164,34
200080,34
10929,34
211737,34
557461,34
342049,34
503164,34
243500,34
519218,34
15544,34
330315,34
139339,34
331518,34
233841,34
505978,34
285893,34
48257,34
219663,34
407810,34
133492,34
300111,34
62872,34
197585,34
227372,34
226294,34
275502,34
337269,34
233841,34
17839,34
84147,34
430581,34
516380,34
551701,34
139339,34
55298,34
200080,34
215341,34
375759,34
164663,34
87851,34
123013,34
565939,34
34378,34
516380,34
233841,34
386203,34
535218,34
416653,34
139339,34
111823,34
19375,34
368435,34
305690,34
175552,34
128278,34
478809,34
85018,34
200080,34
295940,34
409327,34
55298,34
275502,34
219663,34
19375,34
187442,34
550540,34
409327,34
10929,34
185127,34
530543,34
139339,34
139339,34
219663,34
550540,34
275502,34
219663,34
56650,34
275502,34
352205,34
139930,34
459991,36
393480,36
529800,36
499396,36
294360,36
473641,36
350360,36
224242,36
399490,36
110060,36
24375,36
463778,36
333629,36
6327,36
368356,36
375045,36
119157,36
395716,36
143064,36
105237,36
193714,36
159418,36
103320,36
327221,36
253584,36
271385,36
8314,36
93075,36
363150,36
270683,36
291189,36
226270,36
506148,36
563323,36
284406,36
499469,36
206349,36
550023,36
284098,36
128245,36
384323,36
141482,36
570416,36
413400,36
439262,36
177163,36
40111,36
369859,36
137332,36
264830,36
433212,36
166716,36
407761,36
18839,36
54905,36
274934,36
222758,36
177505,36
37953,36
17962,36
418035,36
284861,36
580842,36
83858,36
438894,36
430789,36
19399,36
352454,36
506890,36
350712,36
436685,36
156512,36
22044,36
342220,36
462878,36
157278,36
287884,36
401167,36
432216,36
120655,36
510096,36
570263,36
463330,36
206932,36
318396,36
461836,36
315242,36
140717,36
407405,36
523262,36
262869,36
479333,36
416167,36
456975,36
374005,36
462114,36
188955,36
407743,36
20611,36
127393,36
578030,36
550787,36
302582,36
152502,36
129060,36
83778,36
35663,36
191828,36
335650,36
532220,36
33749,36
13800,36
181027,36
362301,36
351705,36
43071,36
405605,36
191625,36
463330,36
154362,36
323153,36
26164,36
232420,36
245999,36
183872,36
190991,36
345997,36
367639,36
505477,36
119021,36
143140,36
26985,36
283107,36
270154,36
449171,36
184672,36
21285,36
49718,36
38049,36
169486,36
353663,36
70854,36
518370,36
53455,36
244132,36
496569,36
490523,36
5916,36
188375,36
536054,36
1102,36
284893,36
358581,36
456975,36
53084,36
189943,36
27302,36
479474,36
269366,36
368885,36
193954,36
408680,36
395304,36
64627,36
536855,36
63503,36
404471,36
197854,36
141336,36
87214,36
55733,36
151237,36
395716,36
367554,36
554373,36
333461,36
431885,36
465765,36
200289,36
262935,36
242537,36
4239,36
280437,36
439676,36
195568,36
163230,36
288984,36
247082,36
123514,36
271490,36
109324,36
45942,36
198761,36
30619,36
41340,36
468932,36
477169,36
314645,36
169155,36
282129,36
39958,36
493131,36
84403,36
258043,36
459210,36
519795,36
17206,36
532245,36
41854,36
30492,36
225054,36
109151,36
440534,36
573980,36
477658,36
180197,36
75199,36
336897,36
14543,36
123190,36
246323,36
214193,36
271166,36
274690,36
381400,36
497797,36
65869,36
490267,36
209957,36
445074,36
501926,36
477169,36
139614,36
419333,36
182937,36
18457,36
522461,36
466723,36
488753,36
104846,36
502202,36
494128,36
525085,36
336230,36
400168,36
423818,36
205981,36
197807,36
351705,36
432494,36
552646,36
347392,36
513359,36
381231,36
536855,36
523262,36
20540,36
469198,36
205945,36
190991,36
568810,36
8186,36
577380,36
46310,36
96054,36
224419,36
316476,36
83268,36
33828,36
271011,36
431342,36
175410,36
233873,36
165018,36
436370,36
19754,36
118104,36
366712,36
326161,36
281495,36
448399,36
75402,36
421064,36
401499,36
302102,36
57062,36
153041,36
266917,36
222074,36
176000,36
192812,36
347297,36
439702,36
251251,36
420552,36
463715,36
457191,36
168335,36
400405,36
73446,36
245675,36
430149,36
75199,36
407761,36
53474,36
513359,36
126470,36
365021,36
325648,36
444086,36
548845,36
372971,36
107035,36
45455,36
408078,36
132212,36
460665,36
365768,36
444659,36
427360,36
343282,36
486452,36
197854,36
344579,36
348370,36
186099,36
367784,36
31017,36
377488,36
411745,36
528621,36
404933,36
499336,36
389157,36
302102,36
72454,36
475019,36
389157,36
393333,36
69197,36
469355,36
83755,36
179039,36
142350,36
462283,36
75199,36
429357,36
484634,36
31112,36
158996,36
397190,36
454044,36
21564,36
126246,36
477658,36
166716,36
254127,36
24915,36
28547,36
417961,36
59912,36
184315,36
314554,36
25353,36
190942,36
146188,36
243750,36
111888,36
371239,36
135585,36
311240,36
188955,36
499469,36
371300,36
74345,36
260190,36
174176,36
461644,36
289095,36
302470,36
510061,36
59093,36
480026,36
338910,36
574116,36
59934,36
346853,36
404849,36
101485,36
416603,36
414499,36
192812,36
551172,36
110819,36
578332,36
401829,36
198923,36
329952,36
101485,36
348076,36
361384,36
332203,36
565518,36
26985,36
63014,36
484064,36
94859,36
357184,36
286483,36
398463,36
351627,36
400621,36
244282,36
435579,36
332915,36
257674,36
282129,36
524547,36
433198,36
409025,36
238857,36
188875,36
203380,36
360846,36
462878,36
87090,36
201,36
174504,36
139983,36
493972,36
532689,36
40603,36
376573,36
105079,36
27522,36
141121,36
197854,36
313361,36
135258,36
549284,36
400599,36
497610,36
428288,36
360846,36
435326,36
314852,36
187765,36
113334,36
522054,36
347495,36
515065,36
159530,36
9797,36
431627,36
168845,36
180341,36
530936,36
330719,36
95019,36
251255,36
344921,36
433531,36
407246,36
318006,36
327174,36
239205,36
4704,36
156152,36
111873,36
2583,36
172246,36
546959,36
376573,36
233271,36
400599,36
314259,36
461015,36
451713,36
551172,36
6041,36
238687,36
418221,36
530610,36
505477,36
193110,36
195731,36
315269,36
296033,36
385881,36
457476,36
559453,36
192812,36
51771,36
278913,36
471514,36
498509,36
570694,36
577811,36
11680,36
457245,36
249382,36
139782,36
54324,36
251255,36
85626,36
218319,36
548224,36
58481,36
546959,36
271011,36
499469,36
146469,36
426996,36
452269,36
366379,36
63721,36
272027,36
201,36
372583,36
361850,36
153041,36
112708,36
538003,36
447728,36
172370,36
495891,36
556955,36
266556,36
162592,36
552365,36
111425,36
33105,36
315691,36
55517,36
345149,36
526082,36
26552,36
418221,36
411709,36
476040,36
147342,36
275685,36
341341,36
566237,36
560530,36
483462,36
485902,36
276584,36
139151,36
463778,36
279632,36
572544,36
164603,36
321824,36
93127,36
129060,36
495336,36
405612,36
85581,36
84884,36
234673,36
66157,36
218113,36
262869,36
354144,36
500579,36
495608,36
182373,36
183048,36
516516,36
175439,36
164955,36
414279,36
265646,36
318006,36
539378,36
449171,36
3713,36
244585,36
329502,36
188545,36
447689,36
473993,36
158676,36
409226,36
160001,36
322473,36
69197,36
484064,36
316143,36
562620,36
415131,36
502107,36
519433,36
450598,36
274970,36
244585,36
15062,36
295196,36
326533,36
387215,36
372117,36
411226,36
48261,36
489939,36
365069,36
389935,36
68763,36
564602,36
296033,36
234028,36
279632,36
482780,36
463778,36
82039,36
125135,36
140152,36
385323,36
393699,36
201,36
43968,36
333433,36
83858,36
102935,36
511276,36
341341,36
482515,36
188955,36
282557,36
380636,36
62295,36
35670,36
318501,36
457476,36
229583,36
558020,36
190991,36
493741,36
343243,36
14180,36
46460,36
554621,36
17585,36
154685,36
469431,36
211520,36
401054,36
113537,36
271385,36
458637,36
276515,36
14543,36
175111,36
491001,36
523349,36
197854,36
190013,36
455108,36
354144,36
12313,36
386239,36
327462,36
492138,36
249382,36
245691,36
46990,36
475158,36
334232,36
301136,36
210810,36
305055,36
350518,36
446705,36
336289,36
290608,36
19622,36
498263,36
39191,36
189280,36
296374,36
403947,36
445990,36
97270,36
560015,36
61328,36
196197,36
432526,36
363826,36
361030,36
109872,36
134033,36
129361,36
543698,36
407178,36
27723,36
258364,36
48478,36
354145,36
31017,36
320478,36
118412,36
321466,36
466723,36
414499,36
82143,36
61865,36
461647,36
433212,36
522413,36
479054,36
39705,36
568810,36
505389,36
267753,36
137609,36
399165,36
467223,36
463778,36
74354,36
122157,36
412691,36
492266,36
271166,36
6675,36
423502,36
370918,36
533291,36
6920,36
361788,36
433392,36
42308,36
322518,36
458637,36
438769,36
455313,36
230315,36
363150,36
271385,36
574497,36
532219,36
326531,36
384037,36
106222,36
335274,36
581921,36
193954,36
83858,36
334019,36
401428,36
506599,36
319451,36
142380,36
165036,36
152915,36
8314,36
111714,36
55516,36
456975,36
39778,36
534906,36
226617,36
314379,36
541531,36
308079,36
33667,36
124224,36
275432,36
382958,36
401054,36
532793,36
35643,36
117031,36
552646,36
157278,36
565767,36
532219,36
80521,36
242501,36
280084,36
492266,36
39191,36
304548,36
307186,36
308838,36
194050,36
332322,36
283107,36
535468,36
245675,36
503535,36
329254,36
12313,36
81322,36
77577,36
196197,36
288964,36
273446,36
408219,36
182399,36
48261,36
378670,36
25621,36
437440,36
237188,36
315269,36
137609,36
478899,36
435579,36
488862,36
166592,36
82143,36
85081,36
212627,36
258364,36
540183,36
83325,36
160226,36
536054,36
273446,36
196197,36
571750,36
250518,36
558579,36
271011,36
452500,36
134893,36
7275,36
313118,36
254241,36
9608,36
492266,36
233873,36
482515,36
11195,36
357543,36
90145,36
301136,36
965,36
147913,36
386693,36
353740,36
233873,36
475319,36
348370,36
200812,36
215176,36
526554,36
337991,36
349521,36
71599,36
201,36
480474,36
498972,36
14543,36
121172,36
271011,36
298380,36
290804,36
262335,36
409669,36
510096,36
389157,36
272027,36
491118,36
126319,36
375133,36
225036,36
196566,36
84469,36
293275,36
267774,36
505477,36
471886,36
82031,36
55517,36
425497,36
147342,36
176155,36
78436,36
16344,36
75199,36
134033,36
168106,36
348370,36
286530,36
322763,36
327820,36
188545,36
32071,36
531696,36
65630,36
229284,36
250026,36
414279,36
204422,36
160735,36
518819,36
345168,36
193954,36
246971,36
439560,36
148452,36
579883,36
262603,36
313118,36
38350,36
121706,36
30371,36
330598,36
134893,36
25452,36
551651,36
178876,36
348370,36
14543,36
496569,36
198084,36
200843,36
244132,36
279632,36
527493,36
386239,36
249489,36
130280,36
131043,36
329026,36
193954,36
379370,36
31017,36
235269,36
489724,36
233873,36
393738,36
116181,36
426642,36
532245,36
401450,36
455313,36
291141,36
60690,36
236141,36
452500,36
175180,36
384093,36
263760,36
303870,36
206932,36
399490,36
315691,36
533159,36
235269,36
414499,36
50058,36
163085,36
264179,36
321182,36
160226,36
564020,36
181422,36
106521,36
327462,36
497610,36
91902,36
435579,36
263275,36
347274,36
573795,36
288964,36
273147,36
324692,36
250026,36
94770,36
243288,36
435579,36
273446,36
65136,36
74215,36
383452,36
529910,36
497610,36
287406,36
423602,36
318006,36
74103,36
432216,36
422560,36
94593,36
125374,36
270109,36
298418,36
104931,36
299585,36
18775,36
208621,36
334338,36
305055,36
243072,36
574497,36
503535,36
415162,36
267830,36
244282,36
466703,36
401499,36
175439,36
315691,36
529910,36
403520,36
422585,36
37953,36
474955,36
557408,36
68778,36
371682,36
89616,36
482515,36
506377,36
111873,36
475319,36
510033,36
350755,36
253584,36
546959,36
106664,36
423602,36
27302,36
409624,36
203229,36
523262,36
313118,36
233873,36
202143,36
176826,36
278001,36
365021,36
550842,36
443413,36
8504,36
111873,36
69440,36
496569,36
244282,36
523349,36
438300,36
523262,36
435579,36
214888,36
529910,36
433531,36
460326,36
263760,36
106521,36
475319,36
191828,36
65136,36
400686,36
201,36
403224,36
245160,36
50158,36
132724,36
65136,36
330598,36
233873,36
235488,36
544595,36
475319,36
342220,36
450110,36
318006,36
357202,36
497610,36
250026,36
244282,36
5559,36
523349,36
253584,36
318006,36
475319,36
334338,36
450110,36
462383,36
180197,36
319293,36
214216,36
295265,36
529910,36
68778,36
496569,36
534867,36
206932,36
279632,36
308772,36
245675,36
245160,36
246318,36
354741,36
333461,36
139151,36
106222,36
330598,36
55517,36
426997,36
529910,36
534867,36
279632,36
240820,36
327462,36
401054,36
201116,36
391754,36
418221,36
496569,36
65136,36
433387,36
426997,36
14103,36
460339,36
319293,36
524551,36
68586,36
313118,36
525124,36
435579,36
342220,36
65136,36
438300,36
82039,36
42760,36
193954,36
433336,36
308496,36
262935,36
426997,36
225036,36
84670,36
525124,36
445325,36
340897,36
383816,36
204422,36
352877,36
330598,36
228045,36
111873,36
430205,36
228045,36
546959,36
134893,36
340897,36
262935,36
298418,36
497610,36
552346,36
445325,36
250026,36
340897,36
405605,36
206932,36
250026,36
552346,36
330598,36
180197,36
342220,36
170687,36
459585,36
313118,36
271011,36
313118,36
552346,36
170687,36
206932,36
552346,36
313118,36
503535,36
552346,36
503535,36
351702,36
331146,74
453625,74
321495,74
576869,74
23134,74
59388,74
121693,74
183080,74
138911,74
105520,74
127558,74
178192,74
116677,74
145444,74
543994,74
13273,74
267870,74
101952,74
456310,74
243967,74
84214,74
405250,74
366724,74
227520,74
466580,74
241675,74
525716,74
42867,74
116831,74
89238,74
379508,74
326313,74
128074,74
305788,74
31587,74
78079,74
371137,74
317905,74
145841,74
230991,74
506605,74
561106,74
17877,74
35864,74
419501,74
354059,74
381261,74
578775,74
326111,74
443522,74
450555,74
126389,74
461042,74
5589,74
335688,74
526896,74
208196,74
92344,74
177245,74
182758,74
3685,74
316298,74
116570,74
260299,74
102739,74
4488,74
15197,74
338558,74
427152,74
35613,74
424485,74
414045,74
198610,74
77417,74
543183,74
410033,74
264888,74
232118,74
342452,74
94087,74
289912,74
432212,74
580960,74
356645,74
375150,74
333842,74
279777,74
401515,74
434053,74
184550,74
184705,74
268668,74
104739,74
399899,74
535928,74
297236,74
560858,74
51021,74
238171,74
315637,74
234236,74
481810,74
422336,74
296188,74
64893,74
85171,74
572795,74
481157,74
481851,74
490311,74
226913,74
443545,74
536514,74
30836,74
228211,74
478885,74
243307,74
365507,74
438734,74
160201,74
298459,74
209493,74
93634,74
173069,74
78085,74
191136,74
330752,74
484201,74
318736,74
461042,74
317615,74
150276,74
474401,74
108301,74
299463,74
97492,74
336839,74
493504,74
291091,74
306593,74
195949,74
432395,74
222408,74
75587,74
368706,74
104265,74
516175,74
29931,74
530168,74
234236,74
412657,74
445127,74
237054,74
155107,74
429332,74
56206,74
11528,74
309568,74
195288,74
323462,74
302289,74
119849,74
387748,74
492243,74
509607,74
549711,74
386127,74
555080,74
92480,74
576212,74
391175,74
400241,74
538210,74
203206,74
447633,74
6725,74
15165,74
408185,74
545671,74
476170,74
397253,74
379165,74
539719,74
439333,74
502300,74
143123,74
87205,74
377570,74
150127,74
278315,74
359656,74
310163,74
332836,74
259467,74
177277,74
323498,74
127418,74
523749,74
233543,74
44138,74
448580,74
458522,74
488558,74
94359,74
355186,74
44818,74
329869,74
115005,74
161812,74
510652,74
146561,74
291898,74
544253,74
355863,74
187379,74
487033,74
308047,74
391175,74
473391,74
335855,74
420819,74
127256,74
438496,74
193465,74
170917,74
563280,74
163829,74
88499,74
367562,74
254360,74
555800,74
465027,74
29891,74
225060,74
81074,74
189156,74
481039,74
197600,74
161386,74
18072,74
211850,74
83586,74
319315,74
307814,74
505552,74
336310,74
136917,74
403577,74
474472,74
304587,74
384176,74
6725,74
452615,74
79869,74
117447,74
425359,74
96268,74
491250,74
461428,74
101479,74
500077,74
328327,74
314614,74
569024,74
3259,74
487033,74
292558,74
63857,74
70459,74
487825,74
56828,74
202008,74
474693,74
454708,74
96757,74
406286,74
51799,74
433605,74
430142,74
340611,74
286575,74
308825,74
483205,74
355950,74
342206,74
309003,74
188826,74
111322,74
565303,74
363621,74
84214,74
149306,74
164751,74
126389,74
539233,74
386768,74
449528,74
8568,74
291039,74
183236,74
559427,74
194247,74
312596,74
417802,74
449394,74
456009,74
136230,74
148122,74
251723,74
310972,74
385743,74
342203,74
498125,74
322321,74
263957,74
367899,74
390311,74
564302,74
30947,74
205560,74
510581,74
15552,74
484476,74
175484,74
299103,74
101090,74
423083,74
235537,74
228434,74
57892,74
445810,74
58822,74
220486,74
267661,74
391480,74
451331,74
149306,74
109666,74
280926,74
574356,74
318355,74
489949,74
559658,74
430135,74
35423,74
581744,74
157700,74
198611,74
163615,74
260360,74
11694,74
318726,74
561660,74
123646,74
271714,74
576040,74
337585,74
343225,74
11505,74
381160,74
327198,74
523684,74
464744,74
524180,74
74894,74
312137,74
550353,74
385492,74
227497,74
282733,74
387421,74
266655,74
222367,74
541491,74
291438,74
232250,74
260311,74
85320,74
93644,74
556745,74
267042,74
505033,74
309400,74
451213,74
423488,74
253491,74
214990,74
36841,74
260399,74
89238,74
371132,74
58864,74
180549,74
415694,74
408431,74
451803,74
254787,74
470112,74
326098,74
578751,74
479358,74
523536,74
175195,74
424342,74
363326,74
402364,74
291004,74
498156,74
169907,74
274085,74
508568,74
256611,74
375437,74
136245,74
405747,74
406242,74
310606,74
362046,74
227540,74
118199,74
306822,74
503943,74
287953,74
37789,74
71989,74
500499,74
509733,74
290420,74
310214,74
348843,74
341741,74
263264,74
28281,74
142534,74
224190,74
333580,74
38353,74
311678,74
375093,74
420287,74
268195,74
491577,74
100586,74
58658,74
385700,74
473491,74
290774,74
49860,74
180569,74
325806,74
366527,74
221040,74
153542,74
425712,74
193855,74
39446,74
260651,74
430889,74
533949,74
54892,74
417195,74
294330,74
339115,74
305422,74
523919,74
155177,74
516008,74
554920,74
86581,74
285253,74
476785,74
308028,74
30944,74
349234,74
480467,74
338954,74
327198,74
466406,74
428214,74
442400,74
66816,74
272095,74
342381,74
495149,74
60706,74
137552,74
246434,74
394180,74
130518,74
182300,74
183980,74
226232,74
538609,74
168076,74
400534,74
182496,74
97844,74
422461,74
4575,74
309679,74
15374,74
130215,74
574028,74
274529,74
146561,74
93402,74
558189,74
371927,74
121661,74
351253,74
126135,74
424542,74
466967,74
2389,74
385417,74
499364,74
413841,74
38686,74
573501,74
311827,74
106144,74
453801,74
530047,74
82790,74
278752,74
513351,74
175195,74
12463,74
11849,74
519723,74
6428,74
439307,74
571654,74
144163,74
1947,74
91113,74
310277,74
274776,74
247098,74
201261,74
153270,74
329151,74
424485,74
168161,74
374860,74
154002,74
54083,74
156323,74
155496,74
35094,74
501909,74
517670,74
4567,74
420344,74
450777,74
554920,74
231102,74
308053,74
416322,74
573815,74
277161,74
144349,74
451826,74
151170,74
473261,74
57892,74
154066,74
561756,74
229035,74
277795,74
561479,74
237632,74
207077,74
238717,74
70562,74
4057,74
139763,74
504598,74
331370,74
332867,74
390073,74
432424,74
363464,74
400576,74
208201,74
136559,74
238502,74
500984,74
358970,74
102632,74
214024,74
272490,74
247708,74
234475,74
110518,74
371927,74
142534,74
205703,74
353206,74
456658,74
138911,74
478778,74
20888,74
206584,74
465825,74
260360,74
545160,74
270243,74
124117,74
325781,74
95828,74
489195,74
44432,74
578972,74
265980,74
351159,74
382653,74
253265,74
328217,74
280873,74
288507,74
233169,74
266655,74
455020,74
383250,74
5832,74
133766,74
64659,74
525176,74
410436,74
351549,74
336752,74
125311,74
167581,74
37479,74
217224,74
365512,74
474472,74
551718,74
114729,74
226211,74
181028,74
66192,74
554408,74
172010,74
40988,74
145841,74
294330,74
497733,74
379771,74
139914,74
164691,74
335140,74
474637,74
124117,74
267985,74
536575,74
433770,74
430731,74
219624,74
128222,74
109296,74
139327,74
356746,74
172010,74
15693,74
257196,74
457448,74
416815,74
100303,74
104265,74
445404,74
558602,74
74576,74
105804,74
190667,74
530097,74
400623,74
161190,74
354746,74
247098,74
388412,74
64896,74
197322,74
197805,74
67297,74
156367,74
232167,74
273103,74
345861,74
128222,74
348199,74
153985,74
124169,74
192320,74
192835,74
540122,74
92601,74
274537,74
441296,74
174774,74
308444,74
434145,74
514156,74
501138,74
159346,74
400534,74
474562,74
528344,74
576421,74
230889,74
523919,74
471139,74
345602,74
112059,74
204473,74
553304,74
130786,74
516668,74
391000,74
209921,74
213207,74
444941,74
74206,74
502877,74
21190,74
315663,74
481039,74
544018,74
323765,74
400534,74
403194,74
237872,74
496766,74
371927,74
451400,74
536603,74
226206,74
253498,74
555871,74
440057,74
99539,74
368706,74
459118,74
300103,74
427548,74
368706,74
253970,74
427745,74
186685,74
471952,74
279322,74
247921,74
116677,74
10476,74
319096,74
262954,74
108917,74
340440,74
539056,74
276006,74
421794,74
519723,74
384231,74
245451,74
356856,74
179983,74
420380,74
521514,74
526467,74
318185,74
83586,74
572289,74
454915,74
81259,74
570141,74
522135,74
537621,74
215657,74
419159,74
237853,74
96130,74
64139,74
380449,74
394481,74
240527,74
347787,74
322866,74
420523,74
95828,74
273103,74
111996,74
64684,74
429793,74
316085,74
479935,74
224056,74
394481,74
44286,74
557678,74
381837,74
472639,74
221038,74
556399,74
551956,74
389667,74
541117,74
509870,74
444664,74
197805,74
126135,74
78342,74
273142,74
367035,74
405851,74
275795,74
126956,74
438045,74
151900,74
449422,74
310897,74
510028,74
145741,74
275353,74
545982,74
380239,74
553176,74
160422,74
189675,74
460068,74
151864,74
146098,74
22854,74
438496,74
328588,74
400534,74
481796,74
498768,74
186734,74
416002,74
465247,74
102171,74
452072,74
110593,74
15165,74
161051,74
133573,74
368706,74
189813,74
197980,74
70211,74
384235,74
388566,74
456658,74
413668,74
391786,74
495039,74
67077,74
143392,74
294679,74
405473,74
316218,74
252679,74
132573,74
54052,74
445308,74
361778,74
142557,74
62376,74
433770,74
62547,74
135475,74
215221,74
128607,74
203937,74
496290,74
438252,74
113205,74
406362,74
143392,74
324012,74
64308,74
277338,74
504896,74
526432,74
426705,74
210471,74
115270,74
66853,74
175484,74
262059,74
578295,74
168546,74
525807,74
64310,74
438762,74
247098,74
89248,74
304958,74
413668,74
272800,74
347055,74
418536,74
30001,74
22757,74
63143,74
573973,74
153638,74
129821,74
460496,74
178436,74
488390,74
301039,74
286120,74
337448,74
377007,74
549454,74
444025,74
538604,74
453195,74
140936,74
44286,74
163692,74
66373,74
141263,74
294549,74
10083,74
110123,74
42355,74
49841,74
396984,74
330748,74
187886,74
421529,74
273184,74
548375,74
288507,74
485044,74
223270,74
413668,74
184099,74
189156,74
215167,74
146004,74
310897,74
429735,74
77816,74
384641,74
314626,74
159356,74
96130,74
346386,74
272647,74
69768,74
232661,74
452615,74
149556,74
40304,74
263434,74
570141,74
57842,74
268668,74
268793,74
209931,74
17154,74
98694,74
425117,74
403317,74
504030,74
445810,74
281280,74
9069,74
359772,74
424108,74
140999,74
558401,74
522704,74
66853,74
355918,74
46731,74
481452,74
564099,74
528080,74
275353,74
261129,74
124709,74
555183,74
337277,74
343849,74
110593,74
304150,74
404350,74
153856,74
246794,74
278309,74
499300,74
369712,74
138189,74
366724,74
466136,74
44266,74
296945,74
360805,74
33733,74
304150,74
355918,74
265586,74
40304,74
567389,74
479528,74
85483,74
421529,74
254604,74
493504,74
400417,74
278219,74
381192,74
325149,74
557685,74
498690,74
543732,74
487735,74
542786,74
381192,74
35769,74
332836,74
168690,74
9760,74
442197,74
519432,74
114519,74
414577,74
53385,74
74409,74
373476,74
31561,74
42355,74
514635,74
422792,74
129334,74
371927,74
294744,74
16669,74
390183,74
553505,74
195949,74
254420,74
134532,74
22593,74
291764,74
261129,74
358291,74
390183,74
149556,74
422792,74
502126,74
499958,74
487804,74
250778,74
460484,74
252679,74
406422,74
405141,74
551344,74
324415,74
421529,74
542786,74
450974,74
402779,74
217893,74
384176,74
40346,74
572121,74
542786,74
519723,74
548375,74
240661,74
418462,74
31561,74
388412,74
131011,74
515100,74
193193,74
499300,74
435210,74
508504,74
129334,74
15374,74
322595,34
51045,34
472266,34
37716,34
477243,34
139339,34
440998,34
392972,34
23025,34
93332,34
261902,34
497265,34
30646,34
137635,34
385146,34
72002,34
146467,34
200464,34
222036,34
550410,34
37716,34
105184,34
495699,34
418929,34
117987,34
328760,34
53702,34
362658,34
518124,34
481971,34
355806,34
333324,34
146163,34
72902,34
218985,34
313674,34
571903,34
214266,34
261902,34
179088,34
388203,34
408484,34
157806,34
27556,34
289915,34
73671,34
133004,34
181769,34
147174,34
132038,34
316477,34
218985,34
239243,34
77847,34
490940,34
86907,34
530059,34
38122,34
363624,34
516380,34
71313,34
154220,34
403571,34
91759,34
6780,34
405061,34
472266,34
218985,34
489834,34
3124,34
536112,34
206221,34
409327,34
65161,34
182347,34
507198,34
461524,34
540135,34
518052,34
202912,34
342885,34
261902,34
481971,34
51045,34
509712,34
336350,34
369041,34
511666,34
139339,34
264499,34
321903,34
2498,34
465468,34
117789,34
53170,34
285893,34
409368,34
275502,34
90678,34
125091,34
38232,34
3995,34
202912,34
527263,34
338197,34
19375,34
22894,34
117941,34
229356,34
270275,34
478741,34
2614,34
380350,34
386068,34
512916,34
397186,34
86907,34
307999,34
258129,34
306128,34
368435,34
181554,34
66676,34
54976,34
459328,34
12501,34
198537,34
414548,34
314082,34
104234,34
497216,34
38122,34
430417,34
152588,34
182347,34
488689,34
397186,34
29509,34
73951,34
268901,34
336350,34
572401,34
389775,34
154020,34
364680,34
488689,34
140074,34
54976,34
213032,34
237222,34
367553,34
468792,34
199829,34
429131,34
209133,34
261977,34
286870,34
368439,34
442450,34
538817,34
211852,34
551074,34
480016,34
8821,34
218985,34
262286,34
378621,34
403571,34
394,34
490940,34
285826,34
403571,34
242446,34
238114,34
140088,34
553600,34
531960,34
488689,34
570538,34
519218,34
282252,34
38122,34
216556,34
86907,34
490940,34
488689,34
472266,34
18656,34
516380,34
473095,34
472266,34
564483,34
488689,34
206469,34
379732,34
114258,34
516380,34
218985,34
96622,36
148452,36
244585,36
203905,36
284920,36
475674,36
452500,36
573453,36
56023,36
106521,36
262603,36
391439,36
116181,36
372117,36
381017,36
523989,36
359339,36
488835,36
311179,36
350755,36
197854,36
84884,36
466703,36
249382,36
348047,36
542033,36
190013,36
414706,36
544107,36
508722,36
143263,36
503535,36
546959,36
409877,36
180341,36
529017,36
326531,36
302021,36
320085,36
214193,36
396212,36
536562,36
21285,36
512941,36
274907,36
358581,36
292009,36
180197,36
125575,36
140152,36
302021,36
489520,36
141121,36
537875,36
195975,36
478899,36
211676,36
518473,36
523349,36
390856,36
275922,36
577940,36
549284,36
469431,36
242276,36
34880,36
419262,36
251255,36
350712,36
170687,36
556822,36
51175,36
285990,36
576431,36
162435,36
481627,36
51750,36
20611,36
25353,36
532227,36
577275,36
289846,36
67127,36
48261,36
103320,36
271729,36
85081,36
355111,36
482515,36
401054,36
445590,36
180341,36
284920,36
419029,36
522461,36
529910,36
487718,36
320478,36
311179,36
117403,36
320661,36
30488,36
486193,36
123514,36
475019,36
129060,36
135258,36
391439,36
355111,36
241823,36
134893,36
188955,36
446181,36
418221,36
390856,36
105532,36
235394,36
194050,36
556955,36
162435,36
244282,36
505768,36
405177,36
476040,36
290332,36
51175,36
558835,36
21285,36
165018,36
243066,36
443342,36
558835,36
296374,36
102630,36
247893,36
43110,36
45124,36
134033,36
320085,36
396212,36
20611,36
95409,36
254241,36
251255,36
127393,36
141336,36
308496,36
512582,36
141996,36
463732,36
490267,36
111930,36
107609,36
327462,36
467612,36
444086,36
515924,36
541529,36
389692,36
45124,36
386239,36
268982,36
438769,36
536562,36
327964,36
69365,36
290332,36
165018,36
508722,36
515896,36
85081,36
488862,36
383330,36
278001,36
386239,36
94859,36
536562,36
74215,36
56679,36
463851,36
251255,36
336289,36
30488,36
146469,36
203905,36
56023,36
269983,36
574590,36
268982,36
515181,36
160226,36
159601,36
178876,36
271166,36
51396,36
368356,36
370918,36
31794,36
558835,36
43872,36
570416,36
228659,36
130955,36
190013,36
320429,36
494128,36
313921,36
163506,36
228659,36
518473,36
558835,36
546395,36
225113,36
462283,36
331271,36
224242,36
367850,36
529910,36
523349,36
488243,36
386239,36
247893,36
536054,36
466723,36
484064,36
160226,36
546211,36
253584,36
271011,36
298164,36
515896,36
172246,36
141336,36
533134,36
188955,36
65136,36
260430,36
250026,36
278028,36
515181,36
159601,36
448609,36
384037,36
506141,36
523349,36
539287,36
48261,36
290846,36
536562,36
574590,36
124224,36
497610,36
433667,36
550306,36
296374,36
396212,36
332203,36
433212,36
289095,36
522461,36
250026,36
253584,36
433667,36
466723,36
529910,36
523989,36
438769,36
462283,36
384093,36
455672,36
375492,36
333461,36
488862,36
518473,36
367850,36
160226,36
260430,36
532245,36
90287,36
367850,36
326531,36
306044,36
440534,36
254599,36
320429,36
193781,36
407522,36
533784,36
272027,36
306044,36
320429,36
296374,36
253584,36
446801,36
523186,36
296374,36
33828,36
38840,36
116181,36
461836,36
68335,36
301558,36
488243,36
326161,36
94859,36
435579,36
253584,36
232875,36
345644,36
333461,36
36736,36
536562,36
523262,36
375492,36
228659,36
449171,36
367850,36
435342,36
266469,36
433212,36
464305,36
253584,36
345644,36
284920,36
180341,36
301558,36
250026,36
51396,36
141336,36
188955,36
433667,36
350712,36
433667,36
405612,36
17585,36
250026,36
159601,36
260430,36
462283,36
497610,36
345644,36
141336,36
343639,36
435579,36
523262,36
343282,36
333461,36
462283,36
536562,36
116181,36
188955,36
301558,36
159601,36
33828,36
343282,36
523262,36
493131,36
536562,36
343282,36
536562,36
533784,36
33828,36
536562,36
536562,36
536562,36
533784,36
493131,36
367850,36
536562,36
533784,36
523262,36
533784,36
533784,36
533784,36
533784,36
533784,36
294990,74
174745,74
573997,74
366897,74
431775,74
96497,74
105473,74
577762,74
200680,74
220922,74
416610,74
415634,74
379771,74
235537,74
334596,74
534048,74
84284,74
115942,74
421241,74
560088,74
527649,74
364485,74
90490,74
576040,74
154123,74
73226,74
73724,74
287578,74
33571,74
425899,74
187878,74
565429,74
354603,74
333842,74
221540,74
3685,74
421588,74
5906,74
418462,74
63571,74
506582,74
326210,74
38353,74
334596,74
319364,74
114519,74
47974,74
376397,74
368875,74
80720,74
278411,74
32231,74
397687,74
716,74
164696,74
412657,74
310606,74
250124,74
321635,74
453010,74
37502,74
34128,74
406362,74
425899,74
32231,74
249111,74
431009,74
474049,74
97330,74
335138,74
118302,74
559079,74
51152,74
434222,74
384,74
329566,74
79853,74
521514,74
453625,74
73494,74
300620,74
291039,74
277338,74
485317,74
160743,74
451279,74
10870,74
278661,74
333807,74
449394,74
518026,74
460885,74
348269,74
121219,74
6247,74
421102,74
392035,74
420922,74
175600,74
62053,74
146638,74
529350,74
295753,74
169907,74
438904,74
87813,74
267497,74
248091,74
287953,74
104273,74
352869,74
102171,74
20720,74
99423,74
335138,74
553283,74
478885,74
34842,74
54052,74
368875,74
24132,74
379313,74
255006,74
461018,74
552796,74
60706,74
44372,74
80065,74
229833,74
312247,74
444644,74
92217,74
405838,74
422261,74
254007,74
550353,74
115005,74
264363,74
363120,74
219059,74
182645,74
195809,74
318857,74
360013,74
214087,74
74959,74
343503,74
461340,74
371927,74
248957,74
101090,74
41753,74
515803,74
421229,74
150276,74
321583,74
9760,74
431681,74
415571,74
46024,74
380128,74
221540,74
32231,74
371927,74
417802,74
69339,74
63143,74
321583,74
41753,74
37479,74
332836,74
407118,74
130120,74
472620,74
273497,74
410980,74
561479,74
359772,74
371927,74
361578,74
82666,74
4761,74
2608,74
243796,74
111807,74
292101,74
1947,74
139763,74
158647,74
124202,74
356974,74
11505,74
567000,74
501278,74
32231,74
64684,74
371927,74
1947,74
290597,74
83651,74
643,74
312435,74
518026,74
301077,74
308536,74
227743,74
549201,74
496926,74
93724,74
510320,74
424532,74
199639,74
478885,74
472026,74
331370,74
179770,74
15126,74
201192,74
331370,74
496926,74
371927,74
32231,74
34624,74
380472,74
528018,74
427548,74
331370,74
304950,74
308536,74
334916,74
177974,74
32231,74
308536,74
32231,74
308536,74
308536,74
453195,74
577717,82
331868,82
22501,82
99968,82
280765,82
497591,82
80931,82
152060,82
243580,82
302103,82
246729,82
40830,82
427180,82
360535,82
203034,82
158569,82
409862,82
291677,82
195351,82
86842,82
331863,82
358915,82
282067,82
274446,82
257617,82
95100,82
5483,82
384085,82
425218,82
492810,82
469914,82
301334,82
570917,82
183658,82
381256,82
515210,82
344051,82
360334,82
86932,82
381460,82
176871,82
199827,82
321635,82
484336,82
478835,82
414651,82
244383,82
515750,82
568309,82
570608,82
506673,82
102220,82
173228,82
97053,82
501758,82
330650,82
288853,82
283615,82
224168,82
191102,82
186451,82
94132,82
449350,82
324732,82
424111,82
44774,82
530832,82
400417,82
327032,82
222453,82
193047,82
39548,82
173284,82
19022,82
141941,82
315030,82
525180,82
137794,82
570968,82
28802,82
314983,82
296360,82
396838,82
94487,82
100558,82
97686,82
166201,82
496766,82
542804,82
73434,82
452806,82
83884,82
543194,82
39138,82
432686,82
37244,82
564789,82
417650,82
16359,82
358675,82
101132,82
119909,82
201675,82
225337,82
72235,82
392329,82
114917,82
530945,82
224164,82
202782,82
218558,82
231536,82
466132,82
97686,82
504878,82
211631,82
395409,82
414887,82
36278,82
378905,82
410805,82
155299,82
404929,82
475316,82
400966,82
260871,82
88723,82
271992,82
453711,82
345188,82
440310,82
144703,82
447204,82
1804,82
211302,82
261664,82
296766,82
176871,82
239461,82
428576,82
474004,82
92928,82
342988,82
310289,82
205556,82
268430,82
1145,82
115158,82
544386,82
214316,82
557825,82
379508,82
445397,82
47074,82
72421,82
206395,82
206454,82
468341,82
464271,82
191101,82
466378,82
25746,82
150444,82
484090,82
580827,82
333555,82
203577,82
134643,82
480572,82
240813,82
160267,82
474383,82
84996,82
227978,82
122238,82
440160,82
396890,82
1526,82
575469,82
478227,82
157744,82
491448,82
386872,82
468530,82
38426,82
356788,82
265253,82
177289,82
572110,82
114917,82
340659,82
24520,82
365927,82
384085,82
112253,82
128848,82
494795,82
534001,82
238193,82
226442,82
309060,82
507570,82
346503,82
111319,82
212575,82
568113,82
270956,82
365282,82
100273,82
187644,82
157744,82
255226,82
407118,82
287041,82
407705,82
407390,82
534001,82
494785,82
252998,82
14432,82
395409,82
347300,82
102662,82
198436,82
121530,82
92840,82
216954,82
9620,82
289147,82
534001,82
539737,82
343621,82
510977,82
52497,82
111319,82
128299,82
97686,82
427493,82
528321,82
579909,82
116334,82
365313,82
383949,82
8356,82
534001,82
432461,82
206577,82
351807,82
156090,82
262239,82
136142,82
5373,82
462712,82
534001,82
155849,82
179203,82
492065,82
485771,82
155849,82
465301,82
333247,82
121613,82
223006,82
365927,82
189998,82
135332,82
534001,82
491241,82
316671,82
340659,82
534001,82
155849,82
190363,82
414115,82
363716,82
20168,82
189998,82
155849,82
203349,82
189998,82
155849,82
30589,82
155849,82
26260,82
432349,82
504878,82
365947,82
534001,82
534001,82
432349,82
432349,82
432349,82
97686,82
534001,82
481971,34
144961,34
359719,34
263406,34
15544,34
488689,34
192043,34
334277,34
95050,34
379781,34
428164,34
134324,34
478741,34
154220,34
267731,34
297664,34
195401,34
77193,34
363128,34
86530,34
484599,34
99910,34
337339,34
429643,34
75637,34
249251,34
541961,34
181996,34
352558,34
183939,34
192043,34
453377,34
349934,34
142749,34
330315,34
110673,34
104485,34
86907,34
182556,34
456082,34
403571,34
516380,34
108101,34
403571,34
458212,34
209046,34
215457,34
341794,34
14769,34
327573,34
313779,34
142321,34
458212,34
149896,34
87027,34
368435,34
572615,34
282568,34
12501,34
562082,34
474616,34
67847,34
8821,34
353036,34
230213,34
395673,34
549810,34
147088,34
140291,34
142749,34
103250,34
290412,34
412788,34
395673,34
249251,34
30289,34
564264,34
307999,34
10358,34
245271,34
395673,34
448161,34
529240,34
275502,34
516380,34
142749,34
529240,34
516380,34
23413,34
359707,34
529240,34
244122,34
255239,34
550410,34
550410,34
319045,36
534633,36
91123,36
573795,36
73206,36
423818,36
457796,36
318967,36
518473,36
204422,36
318444,36
271729,36
103320,36
185681,36
225113,36
277321,36
242537,36
195529,36
207500,36
153041,36
564602,36
201,36
435342,36
304570,36
38840,36
116181,36
395716,36
542552,36
280062,36
574248,36
345644,36
530726,36
525124,36
43543,36
401707,36
322518,36
8504,36
497610,36
188388,36
165611,36
340897,36
9608,36
184800,36
149314,36
34437,36
390749,36
271729,36
193781,36
35670,36
274907,36
367850,36
337991,36
475309,36
285990,36
505477,36
262692,36
292549,36
213642,36
49988,36
568810,36
295236,36
45124,36
43968,36
33667,36
295236,36
367850,36
518473,36
262603,36
390749,36
244282,36
271373,36
47867,36
51396,36
26310,36
318967,36
262692,36
534867,36
471468,36
426996,36
2470,36
336015,36
159601,36
301558,36
269983,36
131735,36
445325,36
201284,36
389352,36
2470,36
57796,36
477658,36
446533,36
400264,36
341341,36
55517,36
259687,36
445590,36
320429,36
30437,36
391754,36
340897,36
574116,36
198923,36
146649,36
262692,36
167855,36
168215,36
477192,36
36948,36
573795,36
12313,36
262603,36
318967,36
324112,36
493131,36
390749,36
43829,36
30437,36
390267,36
168215,36
268100,36
328569,36
80521,36
8504,36
499336,36
142123,36
320429,36
457796,36
73966,36
320429,36
275432,36
436284,36
518473,36
77039,36
475019,36
180341,36
279710,36
341341,36
515924,36
292549,36
471468,36
30488,36
215334,36
518473,36
466723,36
508809,36
476040,36
318501,36
423818,36
262603,36
401707,36
201284,36
508809,36
523186,36
8504,36
574116,36
580146,36
439560,36
318501,36
425497,36
91123,36
84670,36
306044,36
513998,36
45124,36
445590,36
532245,36
426642,36
159601,36
541529,36
546959,36
262692,36
286483,36
295236,36
259687,36
480474,36
426642,36
259687,36
541529,36
320429,36
33667,36
84670,36
541529,36
480474,36
569479,36
341341,36
159601,36
84670,36
341341,36
262692,36
475019,36
306044,36
45124,36
401707,36
320429,36
574116,36
340602,36
168215,36
349552,36
259687,36
168215,36
475019,36
490267,36
320429,36
475019,36
518473,36
523186,36
401707,36
475019,36
475019,36
426642,36
401707,36
320429,36
513998,36
532245,36
532245,36
61849,74
580785,74
14335,74
445323,74
274477,74
62209,74
51152,74
421529,74
99681,74
333643,74
116831,74
507744,74
93288,74
537337,74
27727,74
52183,74
387517,74
7890,74
474004,74
356569,74
59692,74
423275,74
549115,74
281351,74
462549,74
336901,74
205460,74
371927,74
450330,74
553812,74
366669,74
351479,74
214087,74
519723,74
400592,74
124169,74
426705,74
393286,74
556497,74
118550,74
334302,74
453815,74
501269,74
407216,74
567721,74
3823,74
716,74
5140,74
252504,74
223942,74
198561,74
522405,74
535136,74
384261,74
308536,74
32231,74
254134,74
127407,74
573749,74
371927,74
355389,74
474004,74
140999,74
245733,74
323789,74
9760,74
457723,74
275494,74
159198,74
339938,74
14335,74
127760,74
476852,74
497733,74
308536,74
303430,74
32231,74
322302,74
290524,74
517582,74
569725,74
62209,74
187878,74
308536,74
473137,74
43227,74
9253,74
42707,74
448368,74
147172,74
57481,74
248389,74
308536,74
32231,74
576421,74
476852,74
448368,74
84740,74
478087,74
308536,74
283697,74
485529,74
301381,74
371927,74
112989,74
42867,74
308536,74
385417,74
492774,74
275855,74
112989,74
23134,74
456658,74
308444,74
110536,74
136561,82
545929,82
433420,82
122802,82
200778,82
99293,82
454708,82
417834,82
22951,82
393193,82
334616,82
412101,82
53037,82
99968,82
82511,82
111319,82
235038,82
391733,82
505309,82
248283,82
427560,82
331588,82
15684,82
252043,82
155849,82
504878,82
539507,82
409338,82
375528,82
250684,82
66273,82
209253,82
379911,82
410992,82
465926,82
40911,82
512736,82
511165,82
34827,82
97686,82
257946,82
61826,82
204174,82
248419,82
547742,82
356788,82
80011,82
427832,82
564271,82
118794,82
429119,82
285405,82
423872,82
206577,82
44613,82
305600,82
382022,82
148810,82
169883,82
479729,82
406170,82
115544,82
351473,82
482346,82
380070,82
104449,82
111319,82
199946,82
495903,82
549188,82
172232,82
391976,82
272716,82
97686,82
465734,82
349044,82
383616,82
237655,82
90882,82
294942,82
453857,82
254520,82
285045,82
276913,82
397645,82
99511,82
110886,82
285405,82
283863,82
449197,82
241860,82
389777,82
249810,82
236515,82
44404,82
63974,82
473082,82
419908,82
356866,82
557659,82
379732,82
72792,82
15485,82
271814,82
115156,82
93832,82
427832,82
384085,82
414115,82
97686,82
410687,82
462151,82
256589,82
74081,82
306305,82
536010,82
105100,82
490385,82
155849,82
111319,82
148122,82
197561,82
475546,82
521968,82
340220,82
526085,82
526597,82
63845,82
384085,82
363389,82
467262,82
9760,82
545727,82
97686,82
369777,82
111319,82
143764,82
264733,82
534001,82
203349,82
80011,82
254861,82
384085,82
113276,82
504878,82
97686,82
414115,82
286058,82
237655,82
252069,82
295057,82
49522,82
309285,82
366016,82
306305,82
357926,82
384085,82
36267,82
394879,82
534001,82
80011,82
504878,82
111319,82
241905,82
236340,82
306305,82
576705,82
203349,82
111319,82
306305,82
504878,82
136561,82
285405,82
341040,82
545727,82
306305,82
285405,82
130856,82
285405,82
121612,82
504878,82
121612,82
504878,82
504878,82
504878,82
504878,82
504878,82
483948,34
23287,34
231609,34
55317,34
562463,34
315381,34
126815,34
23287,34
444280,34
542449,34
23287,34
173046,34
258035,34
155191,34
246549,34
3528,34
168453,34
299723,34
263043,34
258129,34
271250,34
336350,34
73951,34
23287,34
375486,34
176588,34
484136,34
18201,34
484136,34
404233,34
174657,34
484136,34
460441,36
17206,36
114701,36
401707,36
191828,36
565165,36
523989,36
425989,36
401054,36
125575,36
165654,36
160226,36
36736,36
465765,36
343639,36
372583,36
27798,36
452500,36
30492,36
123711,36
523349,36
6327,36
105532,36
433667,36
443342,36
555625,36
279632,36
192812,36
442259,36
458908,36
398004,36
391439,36
398004,36
85213,36
433212,36
51750,36
30619,36
475674,36
558835,36
401054,36
536562,36
465765,36
408386,36
344793,36
77039,36
491001,36
518473,36
460441,36
401054,36
430388,36
529017,36
463330,36
342220,36
515181,36
462964,36
250026,36
383452,36
250026,36
51720,36
529017,36
344793,36
407246,36
160226,36
529017,36
48261,36
375492,36
375492,36
558835,36
145452,36
98318,36
311179,36
145452,36
250026,36
558835,36
250026,36
529017,36
375492,36
558835,36
66487,36
145452,36
160743,74
471945,74
310958,74
567721,74
554920,74
264363,74
412853,74
125773,74
415571,74
73226,74
329762,74
30148,74
415634,74
227442,74
153736,74
32231,74
254007,74
501138,74
44138,74
184099,74
121613,74
32231,74
348843,74
166225,74
113391,74
302928,74
260360,74
159753,74
396528,74
432522,74
530002,74
25193,74
77870,74
481452,74
217224,74
392726,74
74080,74
82212,74
445810,74
505038,74
153856,74
74080,74
563177,74
576695,82
504878,82
436507,82
197583,82
471945,82
350165,82
175881,82
268430,82
43256,82
20692,82
240967,82
568948,82
571653,82
274556,82
191477,82
404587,82
159952,82
467654,82
416841,82
125015,82
195351,82
97686,82
114316,82
238048,82
425825,82
519209,82
418049,82
119966,82
186671,82
489093,82
238140,82
335332,82
445338,82
392030,82
516439,82
556391,82
273607,82
146584,82
185591,82
148239,82
159820,82
436507,82
481725,82
388348,82
512007,82
133835,82
117939,82
484201,82
115158,82
519209,82
519209,82
310289,82
256731,82
111543,82
455615,34
379561,34
290946,34
472266,34
477605,34
314758,34
503015,34
111680,34
186738,34
285893,34
12501,34
379966,34
140074,34
54976,34
515899,34
561390,34
51101,34
304031,34
433438,34
446093,34
472266,34
339130,34
556222,34
149356,34
65456,34
134077,34
562845,34
442430,34
224711,34
412631,34
497216,34
321006,34
156499,34
561424,34
91759,34
215457,34
292042,34
561046,34
468818,34
39664,34
227802,34
140074,34
285893,34
96765,34
101575,34
143777,34
315012,34
471256,34
451058,34
286698,34
412687,34
285893,34
193540,34
472266,34
142168,34
210259,34
285893,34
513214,34
552267,34
472266,34
130513,34
285893,34
277064,34
472266,34
444350,34
470970,34
285893,34
472266,34
444350,34
285893,34
96765,34
472266,34
524777,36
91123,36
169826,36
106521,36
475309,36
375492,36
372117,36
398004,36
375492,36
105532,36
505477,36
375492,36
52873,36
162592,36
190991,36
398004,36
88635,36
424529,36
190991,36
137609,36
27522,36
162592,36
424529,36
190991,36
480630,36
567727,36
52873,36
571750,36
187714,36
188702,74
115005,74
355727,74
280873,74
556143,74
424139,74
124709,74
456666,74
499419,74
477233,74
397004,74
16082,74
5832,74
329737,74
87871,74
12398,74
530002,74
530097,74
202128,74
357342,74
196226,74
523682,74
362751,74
549709,74
26733,74
344033,74
225986,74
26733,74
94609,74
317764,82
534001,82
452502,82
159038,82
105184,34
105184,34
108101,34
108101,34
105184,34
108101,34
485984,74
485984,74
485984,74
236611,34
236611,34
218454,34
533784,36
482750,36
552575,34
126265,36
492583,36
482515,36
145690,36
83268,36
532245,36
523186,36
262603,36
439262,36
90628,36
525360,36
475019,36
232875,36
532245,36
485631,36
475019,36
3713,36
126265,36
268100,36
55733,36
107959,36
513998,36
532245,36
260430,36
77039,36
486070,36
275922,36
211080,36
51396,36
518473,36
229583,36
14359,36
143711,36
420692,36
229583,36
518473,36
495956,36
348670,36
456975,36
165611,36
423818,36
532245,36
340039,36
320429,36
533784,36
536054,36
320429,36
198759,36
320429,36
229583,36
262603,36
425497,36
513998,36
7357,36
475019,36
425497,36
268122,36
574248,36
523186,36
164955,36
523186,36
164955,36
466723,36
471468,36
159601,36
262869,36
316725,74
316725,74
160214,82
573795,36
460441,36
408386,36
497610,36
375492,36
73446,36
375492,36
375492,36
375492,36
375492,36
487914,82
110204,82
375492,36
250026,36
504878,82
97686,82
472266,34
534001,82
536562,36
